<ViewBox at 0x28f867d55f8> ['_Frozen__isfrozen', '__class__', '__delattr__', '__dict__', '__dir__', '__doc__', '__eq__', '__format__', '__ge__', '__getattribute__', '__gt__', '__hash__', '__init__', '__init_subclass__', '__le__', '__lt__', '__module__', '__ne__', '__new__', '__reduce__', '__reduce_ex__', '__repr__', '__setattr__', '__sizeof__', '__str__', '__subclasshook__', '__weakref__', '_add_child', '_bgcolor', '_border_color', '_border_width', '_bounds_changed', '_camera', '_canvas', '_children', '_clip_children', '_clipper', '_clippers', '_compute_bounds', '_describe_tree', '_document', '_document_node', '_face_colors', '_height_limits', '_id', '_interactive', '_margin', '_mesh', '_name', '_next_id', '_opacity', '_opacity_filter', '_order', '_padding', '_parent', '_picking', '_picking_filter', '_picking_mesh', '_pos_or_size_changed', '_prepare_draw', '_prepare_transforms', '_remove_child', '_scene', '_scene_node', '_set_canvas', '_set_clipper', '_size', '_stretch', '_subv_update', '_subvisuals', '_transform', '_transform_changed', '_transforms', '_update_child_widgets', '_update_clipper', '_update_colors', '_update_layout', '_update_line', '_update_opacity', '_update_scene_clipper', '_update_trsys', '_update_visibility', '_var_h', '_var_w', '_var_x', '_var_y', '_view_class', '_visible', '_visual_ids', '_visual_superclass', '_vshare', '_widgets', '_width_limits', 'add', 'add_grid', 'add_subvisual', 'add_view', 'add_widget', 'attach', 'bgcolor', 'border_color', 'bounds', 'camera', 'canvas', 'children', 'clip_children', 'clipper', 'common_parent', 'describe_tree', 'detach', 'document', 'document_node', 'draw', 'events', 'freeze', 'get_scene_bounds', 'get_transform', 'height', 'height_max', 'height_min', 'inner_rect', 'interactive', 'is_child', 'is_in_scene', 'margin', 'name', 'node_path', 'node_path_to_child', 'node_path_transforms', 'node_transform', 'on_parent_change', 'on_resize', 'opacity', 'order', 'padding', 'parent', 'parent_chain', 'picking', 'pos', 'rect', 'remove_subvisual', 'remove_widget', 'root_node', 'scene', 'scene_node', 'set_gl_state', 'set_transform', 'size', 'stretch', 'transform', 'transforms', 'unfreeze', 'update', 'update_gl_state', 'view', 'visible', 'width', 'width_max', 'width_min']
<TurntableCamera at 0x28f867a2d68> ['__class__', '__delattr__', '__dict__', '__dir__', '__doc__', '__eq__', '__format__', '__ge__', '__getattribute__', '__gt__', '__hash__', '__init__', '__init_subclass__', '__le__', '__lt__', '__module__', '__ne__', '__new__', '__reduce__', '__reduce_ex__', '__repr__', '__setattr__', '__sizeof__', '__str__', '__subclasshook__', '__weakref__', '_actual_distance', '_add_child', '_azimuth', '_canvas', '_center', '_children', '_clip_children', '_clipper', '_clippers', '_default_state', '_depth_to_z', '_depth_value', '_describe_tree', '_dist_to_trans', '_distance', '_document', '_document_node', '_elevation', '_event_value', '_flip', '_flip_factors', '_fov', '_get_dim_vectors', '_interactive', '_key_events_bound', '_linked_cameras', '_linked_cameras_no_update', '_name', '_opacity', '_order', '_parent', '_picking', '_pre_transform', '_projection', '_remove_child', '_resetting', '_roll', '_rotate_tr', '_scale_factor', '_scene_node', '_scene_transform', '_set_canvas', '_set_clipper', '_set_range', '_set_range_args', '_set_scene_transform', '_state_props', '_transform', '_transform_cache', '_up', '_update_camera_pos', '_update_opacity', '_update_projection_transform', '_update_rotation', '_update_transform', '_update_trsys', '_viewbox', '_viewbox_set', '_viewbox_tr', '_viewbox_unset', '_visible', '_xlim', '_ylim', '_zlim', 'azimuth', 'canvas', 'center', 'children', 'clip_children', 'clipper', 'common_parent', 'depth_value', 'describe_tree', 'distance', 'document', 'document_node', 'elevation', 'events', 'flip', 'fov', 'get_state', 'interactive', 'is_child', 'link', 'name', 'near_clip_distance', 'node_path', 'node_path_to_child', 'node_path_transforms', 'node_transform', 'on_canvas_change', 'on_parent_change', 'opacity', 'orbit', 'order', 'parent', 'parent_chain', 'picking', 'pre_transform', 'reset', 'roll', 'root_node', 'scale_factor', 'scene_node', 'set_default_state', 'set_range', 'set_state', 'set_transform', 'transform', 'transforms', 'up', 'update', 'view_changed', 'viewbox', 'viewbox_key_event', 'viewbox_mouse_event', 'viewbox_resize_event', 'visible', 'zoom_factor']
{'scale_factor': 10.005913451554536, 'center': (0.0, 0.0, 0.0), 'fov': 0.0, 'elevation': 30.0, 'azimuth': 30.0, 'roll': 0.0} MatrixTransform(matrix=[[0.8660254037844387, 0.49999999999999994, 0.0, 0.0],
                        [-0.24999999999999994, 0.4330127018922193, 0.8660254037844387, 0.0],
                        [0.4330127018922193, -0.7500000000000001, 0.49999999999999994, 0.0],
                        [0.0, 0.0, 0.0, 1.0]] at 0x28f8f3d5da0) ((-3.3, 3.3), (-3.3, 3.3), (-3.3, 3.3))
{'scale_factor': 10.005913451554536, 'center': (0.0, 0.0, 0.0), 'fov': 0.0, 'elevation': 20.0, 'azimuth': 180.0, 'roll': 0.0} MatrixTransform(matrix=[[-1.0, 1.2246467991473532e-16, 0.0, 0.0],
                        [-4.188538737676992e-17, -0.3420201433256687, 0.9396926207859084, 0.0],
                        [1.1507915602278503e-16, 0.9396926207859084, 0.3420201433256687, 0.0],
                        [0.0, 0.0, 0.0, 1.0]] at 0x28f8f3d5da0) ((-3.3, 3.3), (-3.3, 3.3), (-3.3, 3.3))
{'scale_factor': 10.005913451554536, 'center': (0.0, 0.0, 0.0), 'fov': 0.0, 'elevation': 20.0, 'azimuth': 176.36363636363635, 'roll': 0.0} MatrixTransform(matrix=[[-0.9979866764718843, 0.06342391965656484, 0.0, 0.0],
                        [-0.021692258091214004, -0.34133154612402167, 0.9396926207859084, 0.0],
                        [0.05959898928259231, 0.9378007155232835, 0.3420201433256687, 0.0],
                        [0.0, 0.0, 0.0, 1.0]] at 0x28f8f3d5da0) ((-3.3, 3.3), (-3.3, 3.3), (-3.3, 3.3))
{'scale_factor': 10.005913451554536, 'center': (0.0, 0.0, 0.0), 'fov': 0.0, 'elevation': 20.0, 'azimuth': 172.72727272727272, 'roll': 0.0} MatrixTransform(matrix=[[-0.9919548128307953, 0.12659245357374938, 0.0, 0.0],
                        [-0.043297169115241826, -0.3392685272569755, 0.9396926207859084, 0.0],
                        [0.118957994470435, 0.9321326177701653, 0.3420201433256687, 0.0],
                        [0.0, 0.0, 0.0, 1.0]] at 0x28f8f3d5da0) ((-3.3, 3.3), (-3.3, 3.3), (-3.3, 3.3))
{'scale_factor': 10.005913451554536, 'center': (0.0, 0.0, 0.0), 'fov': 0.0, 'elevation': 20.0, 'azimuth': 169.0909090909091, 'roll': 0.0} MatrixTransform(matrix=[[-0.9819286972627067, 0.18925124436041008, 0.0, 0.0],
                        [-0.06472773772070861, -0.3358393937733781, 0.9396926207859083, 0.0],
                        [0.17783799780002812, 0.9227111509556857, 0.34202014332566866, 0.0],
                        [0.0, 0.0, 0.0, 1.0]] at 0x28f8f3d5da0) ((-3.3, 3.3), (-3.3, 3.3), (-3.3, 3.3))
{'scale_factor': 10.005913451554536, 'center': (0.0, 0.0, 0.0), 'fov': 0.0, 'elevation': 20.0, 'azimuth': 165.45454545454547, 'roll': 0.0} MatrixTransform(matrix=[[-0.9679487013963564, 0.25114798718107884, 0.0, 0.0],
                        [-0.0858976705716258, -0.3310579535834767, 0.9396926207859084, 0.0],
                        [0.2360019102792937, 0.9095742520014588, 0.3420201433256687, 0.0],
                        [0.0, 0.0, 0.0, 1.0]] at 0x28f8f3d5da0) ((-3.3, 3.3), (-3.3, 3.3), (-3.3, 3.3))
{'scale_factor': 10.005913451554536, 'center': (0.0, 0.0, 0.0), 'fov': 0.0, 'elevation': 20.0, 'azimuth': 161.8181818181818, 'roll': 0.0} MatrixTransform(matrix=[[-0.9500711177409453, 0.31203344569848734, 0.0, 0.0],
                        [-0.10672172382019891, -0.32494345985933637, 0.9396926207859084, 0.0],
                        [0.293215526361269, 0.8927748185629862, 0.3420201433256687, 0.0],
                        [0.0, 0.0, 0.0, 1.0]] at 0x28f8f3d5da0) ((-3.3, 3.3), (-3.3, 3.3), (-3.3, 3.3))
{'scale_factor': 10.005913451554536, 'center': (0.0, 0.0, 0.0), 'fov': 0.0, 'elevation': 20.0, 'azimuth': 158.18181818181816, 'roll': 0.0} MatrixTransform(matrix=[[-0.9283679330160725, 0.37166245566032796, 0.0, 0.0],
                        [-0.12711604635371537, -0.3175205335091119, 0.9396926207859084, 0.0],
                        [0.34924846700718004, 0.8723804960294698, 0.3420201433256687, 0.0],
                        [0.0, 0.0, 0.0, 1.0]] at 0x28f8f3d5da0) ((-3.3, 3.3), (-3.3, 3.3), (-3.3, 3.3))
{'scale_factor': 10.005913451554536, 'center': (0.0, 0.0, 0.0), 'fov': 0.0, 'elevation': 20.0, 'azimuth': 154.54545454545456, 'roll': 0.0} MatrixTransform(matrix=[[-0.9029265382866213, 0.4297949120891714, 0.0, 0.0],
                        [-0.1469985174333816, -0.3088190640373401, 0.9396926207859084, 0.0],
                        [0.4038751073415226, 0.848473405139703, 0.3420201433256687, 0.0],
                        [0.0, 0.0, 0.0, 1.0]] at 0x28f8f3d5da0) ((-3.3, 3.3), (-3.3, 3.3), (-3.3, 3.3))
{'scale_factor': 10.005913451554536, 'center': (0.0, 0.0, 0.0), 'fov': 0.0, 'elevation': 20.0, 'azimuth': 150.9090909090909, 'roll': 0.0} MatrixTransform(matrix=[[-0.8738493770697849, 0.4861967361004687, 0.0, 0.0],
                        [-0.16628907736555462, -0.29887408919045416, 0.9396926207859084, 0.0],
                        [0.45687548516380416, 0.8211498113108398, 0.3420201433256687, 0.0],
                        [0.0, 0.0, 0.0, 1.0]] at 0x28f8f3d5da0) ((-3.3, 3.3), (-3.3, 3.3), (-3.3, 3.3))
{'scale_factor': 10.005913451554536, 'center': (0.0, 0.0, 0.0), 'fov': 0.0, 'elevation': 20.0, 'azimuth': 147.27272727272728, 'roll': 0.0} MatrixTransform(matrix=[[-0.8412535328311813, 0.5406408174555974, 0.0, 0.0],
                        [-0.18491004987387014, -0.28772565387214577, 0.9396926207859084, 0.0],
                        [0.5080361866586862, 0.790519737011537, 0.3420201433256687, 0.0],
                        [0.0, 0.0, 0.0, 1.0]] at 0x28f8f3d5da0) ((-3.3, 3.3), (-3.3, 3.3), (-3.3, 3.3))
{'scale_factor': 10.005913451554536, 'center': (0.0, 0.0, 0.0), 'fov': 0.0, 'elevation': 20.0, 'azimuth': 143.63636363636363, 'roll': 0.0} MatrixTransform(matrix=[[-0.8052702575310583, 0.5929079290546408, 0.0, 0.0],
                        [-0.20278645487419367, -0.2754186488966707, 0.9396926207859084, 0.0],
                        [0.557151205738101, 0.7567065187403036, 0.3420201433256687, 0.0],
                        [0.0, 0.0, 0.0, 1.0]] at 0x28f8f3d5da0) ((-3.3, 3.3), (-3.3, 3.3), (-3.3, 3.3))
{'scale_factor': 10.005913451554536, 'center': (0.0, 0.0, 0.0), 'fov': 0.0, 'elevation': 20.0, 'azimuth': 140.0, 'roll': 0.0} MatrixTransform(matrix=[[-0.7660444431189779, 0.6427876096865395, 0.0, 0.0],
                        [-0.21984631039295424, -0.2620026302293849, 0.9396926207859084, 0.0],
                        [0.6040227735550538, 0.7198463103929541, 0.3420201433256687, 0.0],
                        [0.0, 0.0, 0.0, 1.0]] at 0x28f8f3d5da0) ((-3.3, 3.3), (-3.3, 3.3), (-3.3, 3.3))
{'scale_factor': 10.005913451554536, 'center': (0.0, 0.0, 0.0), 'fov': 0.0, 'elevation': 20.0, 'azimuth': 136.36363636363637, 'roll': 0.0} MatrixTransform(matrix=[[-0.7237340381050702, 0.6900790114821119, 0.0, 0.0],
                        [-0.2360209224131477, -0.2475316194423611, 0.9396926207859083, 0.0],
                        [0.6484621548489747, 0.6800875350189219, 0.34202014332566866, 0.0],
                        [0.0, 0.0, 0.0, 1.0]] at 0x28f8f3d5da0) ((-3.3, 3.3), (-3.3, 3.3), (-3.3, 3.3))
{'scale_factor': 10.005913451554536, 'center': (0.0, 0.0, 0.0), 'fov': 0.0, 'elevation': 20.0, 'azimuth': 132.72727272727272, 'roll': 0.0} MatrixTransform(matrix=[[-0.6785094115571321, 0.7345917086575334, 0.0, 0.0],
                        [-0.2512451614808975, -0.23206388618858545, 0.9396926207859083, 0.0],
                        [0.690290407915996, 0.637590287174026, 0.34202014332566866, 0.0],
                        [0.0, 0.0, 0.0, 1.0]] at 0x28f8f3d5da0) ((-3.3, 3.3), (-3.3, 3.3), (-3.3, 3.3))
{'scale_factor': 10.005913451554536, 'center': (0.0, 0.0, 0.0), 'fov': 0.0, 'elevation': 20.0, 'azimuth': 129.0909090909091, 'roll': 0.0} MatrixTransform(matrix=[[-0.6305526670845225, 0.7761464642917567, 0.0, 0.0],
                        [-0.2654577249587776, -0.21566171357063105, 0.9396926207859084, 0.0],
                        [0.7293391051440373, 0.5925256882761993, 0.3420201433256687, 0.0],
                        [0.0, 0.0, 0.0, 1.0]] at 0x28f8f3d5da0) ((-3.3, 3.3), (-3.3, 3.3), (-3.3, 3.3))
{'scale_factor': 10.005913451554536, 'center': (0.0, 0.0, 0.0), 'fov': 0.0, 'elevation': 20.0, 'azimuth': 125.45454545454545, 'roll': 0.0} MatrixTransform(matrix=[[-0.580056909571198, 0.8145759520503357, 0.0, 0.0],
                        [-0.27860138386989886, -0.19839114734858562, 0.9396926207859084, 0.0],
                        [0.7654510112113565, 0.5450751975599338, 0.3420201433256687, 0.0],
                        [0.0, 0.0, 0.0, 1.0]] at 0x28f8f3d5da0) ((-3.3, 3.3), (-3.3, 3.3), (-3.3, 3.3))
{'scale_factor': 10.005913451554536, 'center': (0.0, 0.0, 0.0), 'fov': 0.0, 'elevation': 20.0, 'azimuth': 121.81818181818183, 'roll': 0.0} MatrixTransform(matrix=[[-0.5272254676105025, 0.8497254299495143, 0.0, 0.0],
                        [-0.29062321333879837, -0.18032172999708676, 0.9396926207859083, 0.0],
                        [0.7984807162176919, 0.49542988140398914, 0.34202014332566866, 0.0],
                        [0.0, 0.0, 0.0, 1.0]] at 0x28f8f3d5da0) ((-3.3, 3.3), (-3.3, 3.3), (-3.3, 3.3))
{'scale_factor': 10.005913451554536, 'center': (0.0, 0.0, 0.0), 'fov': 0.0, 'elevation': 20.0, 'azimuth': 118.18181818181819, 'roll': 0.0} MatrixTransform(matrix=[[-0.4722710747726826, 0.8814533634475821, 0.0, 0.0],
                        [-0.30147480570123475, -0.1615262206823205, 0.9396926207859084, 0.0],
                        [0.8282952211986122, 0.4437896439745198, 0.3420201433256687, 0.0],
                        [0.0, 0.0, 0.0, 1.0]] at 0x28f8f3d5da0) ((-3.3, 3.3), (-3.3, 3.3), (-3.3, 3.3))
{'scale_factor': 10.005913451554536, 'center': (0.0, 0.0, 0.0), 'fov': 0.0, 'elevation': 20.0, 'azimuth': 114.54545454545453, 'roll': 0.0} MatrixTransform(matrix=[[-0.41541501300188616, 0.9096319953545186, 0.0, 0.0],
                        [-0.31111246542476645, -0.14208030228653964, 0.9396926207859084, 0.0],
                        [0.8547744736654028, 0.39036242228155466, 0.3420201433256687, 0.0],
                        [0.0, 0.0, 0.0, 1.0]] at 0x28f8f3d5da0) ((-3.3, 3.3), (-3.3, 3.3), (-3.3, 3.3))
{'scale_factor': 10.005913451554536, 'center': (0.0, 0.0, 0.0), 'fov': 0.0, 'elevation': 20.0, 'azimuth': 110.9090909090909, 'roll': 0.0} MatrixTransform(matrix=[[-0.3568862215918718, 0.9341478602651068, 0.0, 0.0],
                        [-0.31949738505523856, -0.12206227665980834, 0.9396926207859084, 0.0],
                        [0.8778118510140668, 0.33536334889004643, 0.3420201433256687, 0.0],
                        [0.0, 0.0, 0.0, 1.0]] at 0x28f8f3d5da0) ((-3.3, 3.3), (-3.3, 3.3), (-3.3, 3.3))
{'scale_factor': 10.005913451554536, 'center': (0.0, 0.0, 0.0), 'fov': 0.0, 'elevation': 20.0, 'azimuth': 107.27272727272727, 'roll': 0.0} MatrixTransform(matrix=[[-0.2969203753282748, 0.9549022414440739, 0.0, 0.0],
                        [-0.32659580148070444, -0.1015527493260879, 0.9396926207859084, 0.0],
                        [0.89731458985692, 0.27901388565696217, 0.3420201433256687, 0.0],
                        [0.0, 0.0, 0.0, 1.0]] at 0x28f8f3d5da0) ((-3.3, 3.3), (-3.3, 3.3), (-3.3, 3.3))
{'scale_factor': 10.005913451554536, 'center': (0.0, 0.0, 0.0), 'fov': 0.0, 'elevation': 20.0, 'azimuth': 103.63636363636364, 'roll': 0.0} MatrixTransform(matrix=[[-0.23575893550942717, 0.9718115683235417, 0.0, 0.0],
                        [-0.3323791318835606, -0.08063430491324136, 0.9396926207859084, 0.0],
                        [0.9132041595480128, 0.2215409319825496, 0.3420201433256687, 0.0],
                        [0.0, 0.0, 0.0, 1.0]] at 0x28f8f3d5da0) ((-3.3, 3.3), (-3.3, 3.3), (-3.3, 3.3))
{'scale_factor': 10.005913451554536, 'center': (0.0, 0.0, 0.0), 'fov': 0.0, 'elevation': 20.0, 'azimuth': 100.0, 'roll': 0.0} MatrixTransform(matrix=[[-0.1736481776669303, 0.984807753012208, 0.0, 0.0],
                        [-0.33682408883346515, -0.059391174613884684, 0.9396926207859084, 0.0],
                        [0.9254165783983234, 0.1631759111665348, 0.3420201433256687, 0.0],
                        [0.0, 0.0, 0.0, 1.0]] at 0x28f8f3d5da0) ((-3.3, 3.3), (-3.3, 3.3), (-3.3, 3.3))
{'scale_factor': 10.005913451554536, 'center': (0.0, 0.0, 0.0), 'fov': 0.0, 'elevation': 20.0, 'azimuth': 96.36363636363637, 'roll': 0.0} MatrixTransform(matrix=[[-0.1108381999010112, 0.9938384644612541, 0.0, 0.0],
                        [-0.3399127740576006, -0.03790889701610297, 0.9396926207859084, 0.0],
                        [0.9339026713074388, 0.10415383854817363, 0.3420201433256687, 0.0],
                        [0.0, 0.0, 0.0, 1.0]] at 0x28f8f3d5da0) ((-3.3, 3.3), (-3.3, 3.3), (-3.3, 3.3))
{'scale_factor': 10.005913451554536, 'center': (0.0, 0.0, 0.0), 'fov': 0.0, 'elevation': 20.0, 'azimuth': 92.72727272727272, 'roll': 0.0} MatrixTransform(matrix=[[-0.04758191582374206, 0.998867339183008, 0.0, 0.0],
                        [-0.34163275051070174, -0.016273973669746165, 0.9396926207859084, 0.0],
                        [0.9386282677743276, 0.04471237518242666, 0.3420201433256687, 0.0],
                        [0.0, 0.0, 0.0, 1.0]] at 0x28f8f3d5da0) ((-3.3, 3.3), (-3.3, 3.3), (-3.3, 3.3))
{'scale_factor': 10.005913451554536, 'center': (0.0, 0.0, 0.0), 'fov': 0.0, 'elevation': 20.0, 'azimuth': 89.0909090909091, 'roll': 0.0} MatrixTransform(matrix=[[0.01586596383480793, 0.9998741276738751, 0.0, 0.0],
                        [-0.34197709245464675, 0.005426479224780885, 0.9396926207859084, 0.0],
                        [0.9395743394898877, -0.014909129137225106, 0.3420201433256687, 0.0],
                        [0.0, 0.0, 0.0, 1.0]] at 0x28f8f3d5da0) ((-3.3, 3.3), (-3.3, 3.3), (-3.3, 3.3))
{'scale_factor': 10.005913451554536, 'center': (0.0, 0.0, 0.0), 'fov': 0.0, 'elevation': 20.0, 'azimuth': 85.45454545454545, 'roll': 0.0} MatrixTransform(matrix=[[0.07924995685678844, 0.9968547759519424, 0.0, 0.0],
                        [-0.3409444133459607, 0.027105081602711845, 0.9396926207859084, 0.0],
                        [0.9367370769572303, -0.0744705996559257, 0.3420201433256687, 0.0],
                        [0.0, 0.0, 0.0, 1.0]] at 0x28f8f3d5da0) ((-3.3, 3.3), (-3.3, 3.3), (-3.3, 3.3))
{'scale_factor': 10.005913451554536, 'center': (0.0, 0.0, 0.0), 'fov': 0.0, 'elevation': 20.0, 'azimuth': 81.81818181818183, 'roll': 0.0} MatrixTransform(matrix=[[0.14231483827328512, 0.9898214418809327, 0.0, 0.0],
                        [-0.3385388714189367, 0.048674541383598335, 0.9396926207859084, 0.0],
                        [0.9301279048311804, -0.133732203353746, 0.3420201433256687, 0.0],
                        [0.0, 0.0, 0.0, 1.0]] at 0x28f8f3d5da0) ((-3.3, 3.3), (-3.3, 3.3), (-3.3, 3.3))
{'scale_factor': 10.005913451554536, 'center': (0.0, 0.0, 0.0), 'fov': 0.0, 'elevation': 20.0, 'azimuth': 78.18181818181819, 'roll': 0.0} MatrixTransform(matrix=[[0.20480666806519066, 0.9788024462147787, 0.0, 0.0],
                        [-0.3347701529418938, 0.07004800596570916, 0.9396926207859084, 0.0],
                        [0.9197734359152236, -0.19245531466860863, 0.3420201433256687, 0.0],
                        [0.0, 0.0, 0.0, 1.0]] at 0x28f8f3d5da0) ((-3.3, 3.3), (-3.3, 3.3), (-3.3, 3.3))
{'scale_factor': 10.005913451554536, 'center': (0.0, 0.0, 0.0), 'fov': 0.0, 'elevation': 20.0, 'azimuth': 74.54545454545456, 'roll': 0.0} MatrixTransform(matrix=[[0.26647381369003476, 0.9638421585599422, 0.0, 0.0],
                        [-0.3296534332139933, 0.09113941195080323, 0.9396926207859084, 0.0],
                        [0.9057153640011392, -0.25040347635720467, 0.3420201433256687, 0.0],
                        [0.0, 0.0, 0.0, 1.0]] at 0x28f8f3d5da0) ((-3.3, 3.3), (-3.3, 3.3), (-3.3, 3.3))
{'scale_factor': 10.005913451554536, 'center': (0.0, 0.0, 0.0), 'fov': 0.0, 'elevation': 20.0, 'azimuth': 70.9090909090909, 'roll': 0.0} MatrixTransform(matrix=[[0.3270679633174218, 0.9450008187146685, 0.0, 0.0],
                        [-0.3232093154596652, 0.11186383169105915, 0.9396926207859084, 0.0],
                        [0.8880102959828159, -0.30734335162485743, 0.3420201433256687, 0.0],
                        [0.0, 0.0, 0.0, 1.0]] at 0x28f8f3d5da0) ((-3.3, 3.3), (-3.3, 3.3), (-3.3, 3.3))
{'scale_factor': 10.005913451554536, 'center': (0.0, 0.0, 0.0), 'fov': 0.0, 'elevation': 20.0, 'azimuth': 67.27272727272728, 'roll': 0.0} MatrixTransform(matrix=[[0.38634512569312857, 0.9223542941045815, 0.0, 0.0],
                        [-0.31546374786669495, 0.13213781526273732, 0.9396926207859084, 0.0],
                        [0.8667295239202707, -0.36304566369043717, 0.3420201433256687, 0.0],
                        [0.0, 0.0, 0.0, 1.0]] at 0x28f8f3d5da0) ((-3.3, 3.3), (-3.3, 3.3), (-3.3, 3.3))
{'scale_factor': 10.005913451554536, 'center': (0.0, 0.0, 0.0), 'fov': 0.0, 'elevation': 20.0, 'azimuth': 63.63636363636364, 'roll': 0.0} MatrixTransform(matrix=[[0.444066612605774, 0.8959937742913359, 0.0, 0.0],
                        [-0.30644791910202956, 0.15187972648957104, 0.9396926207859084, 0.0],
                        [0.8419587379716831, -0.4172861190030405, 0.3420201433256687, 0.0],
                        [0.0, 0.0, 0.0, 1.0]] at 0x28f8f3d5da0) ((-3.3, 3.3), (-3.3, 3.3), (-3.3, 3.3))
{'scale_factor': 10.005913451554536, 'center': (0.0, 0.0, 0.0), 'fov': 0.0, 'elevation': 20.0, 'azimuth': 59.99999999999999, 'roll': 0.0} MatrixTransform(matrix=[[0.5000000000000001, 0.8660254037844386, 0.0, 0.0],
                        [-0.2961981327260238, 0.17101007166283438, 0.9396926207859084, 0.0],
                        [0.8137976813493737, -0.4698463103929543, 0.3420201433256687, 0.0],
                        [0.0, 0.0, 0.0, 1.0]] at 0x28f8f3d5da0) ((-3.3, 3.3), (-3.3, 3.3), (-3.3, 3.3))
{'scale_factor': 10.005913451554536, 'center': (0.0, 0.0, 0.0), 'fov': 0.0, 'elevation': 20.0, 'azimuth': 56.36363636363637, 'roll': 0.0} MatrixTransform(matrix=[[0.5539200638661103, 0.8325698546347714, 0.0, 0.0],
                        [-0.2847556610108157, 0.1894518196344506, 0.9396926207859084, 0.0],
                        [0.7823597486890912, -0.5205145965202429, 0.3420201433256687, 0.0],
                        [0.0, 0.0, 0.0, 1.0]] at 0x28f8f3d5da0) ((-3.3, 3.3), (-3.3, 3.3), (-3.3, 3.3))
{'scale_factor': 10.005913451554536, 'center': (0.0, 0.0, 0.0), 'fov': 0.0, 'elevation': 20.0, 'azimuth': 52.72727272727272, 'roll': 0.0} MatrixTransform(matrix=[[0.6056096871376668, 0.795761840530832, 0.0, 0.0],
                        [-0.2721665787514531, 0.2071307119942382, 0.9396926207859084, 0.0],
                        [0.7477715294498356, -0.5690869540797282, 0.3420201433256687, 0.0],
                        [0.0, 0.0, 0.0, 1.0]] at 0x28f8f3d5da0) ((-3.3, 3.3), (-3.3, 3.3), (-3.3, 3.3))
{'scale_factor': 10.005913451554536, 'center': (0.0, 0.0, 0.0), 'fov': 0.0, 'elevation': 20.0, 'azimuth': 49.09090909090909, 'roll': 0.0} MatrixTransform(matrix=[[0.654860733945285, 0.7557495743542583, 0.0, 0.0],
                        [-0.2584815777389565, 0.22397556208231897, 0.9396926207859084, 0.0],
                        [0.7101722981827877, -0.6153677993308284, 0.3420201433256687, 0.0],
                        [0.0, 0.0, 0.0, 1.0]] at 0x28f8f3d5da0) ((-3.3, 3.3), (-3.3, 3.3), (-3.3, 3.3))
{'scale_factor': 10.005913451554536, 'center': (0.0, 0.0, 0.0), 'fov': 0.0, 'elevation': 20.0, 'azimuth': 45.45454545454545, 'roll': 0.0} MatrixTransform(matrix=[[0.7014748877063213, 0.7126941713788628, 0.0, 0.0],
                        [-0.24375576264236737, 0.23991854163267337, 0.9396926207859084, 0.0],
                        [0.669713453721845, -0.6591707756442539, 0.3420201433256687, 0.0],
                        [0.0, 0.0, 0.0, 1.0]] at 0x28f8f3d5da0) ((-3.3, 3.3), (-3.3, 3.3), (-3.3, 3.3))
{'scale_factor': 10.005913451554536, 'center': (0.0, 0.0, 0.0), 'fov': 0.0, 'elevation': 20.0, 'azimuth': 41.81818181818183, 'roll': 0.0} MatrixTransform(matrix=[[0.7452644496757546, 0.6667690005162917, 0.0, 0.0],
                        [-0.22804842912169498, 0.25489545389362717, 0.9396926207859084, 0.0],
                        [0.626557909553955, -0.7003195038943776, 0.3420201433256687, 0.0],
                        [0.0, 0.0, 0.0, 1.0]] at 0x28f8f3d5da0) ((-3.3, 3.3), (-3.3, 3.3), (-3.3, 3.3))
{'scale_factor': 10.005913451554536, 'center': (0.0, 0.0, 0.0), 'fov': 0.0, 'elevation': 20.0, 'azimuth': 38.18181818181818, 'roll': 0.0} MatrixTransform(matrix=[[0.7860530947427875, 0.6181589862206052, 0.0, 0.0],
                        [-0.21142282506522145, 0.26884599212551363, 0.9396926207859084, 0.0],
                        [0.5808794378240008, -0.738648292675724, 0.3420201433256687, 0.0],
                        [0.0, 0.0, 0.0, 1.0]] at 0x28f8f3d5da0) ((-3.3, 3.3), (-3.3, 3.3), (-3.3, 3.3))
{'scale_factor': 10.005913451554536, 'center': (0.0, 0.0, 0.0), 'fov': 0.0, 'elevation': 20.0, 'azimuth': 34.54545454545453, 'roll': 0.0} MatrixTransform(matrix=[[0.8236765814298329, 0.5670598638627705, 0.0, 0.0],
                        [-0.19394589591257896, 0.2817139824346283, 0.9396926207859084, 0.0],
                        [0.5328619696157073, -0.7740028054837774, 0.3420201433256687, 0.0],
                        [0.0, 0.0, 0.0, 1.0]] at 0x28f8f3d5da0) ((-3.3, 3.3), (-3.3, 3.3), (-3.3, 3.3))
{'scale_factor': 10.005913451554536, 'center': (0.0, 0.0, 0.0), 'fov': 0.0, 'elevation': 20.0, 'azimuth': 30.909090909090924, 'roll': 0.0} MatrixTransform(matrix=[[0.857983413234977, 0.5136773915734065, 0.0, 0.0],
                        [-0.17568801508909215, 0.29344760996567326, 0.9396926207859084, 0.0],
                        [0.48269885432608367, -0.8062406821736146, 0.3420201433256687, 0.0],
                        [0.0, 0.0, 0.0, 1.0]] at 0x28f8f3d5da0) ((-3.3, 3.3), (-3.3, 3.3), (-3.3, 3.3))
{'scale_factor': 10.005913451554536, 'center': (0.0, 0.0, 0.0), 'fov': 0.0, 'elevation': 20.0, 'azimuth': 27.27272727272728, 'roll': 0.0} MatrixTransform(matrix=[[0.8888354486549234, 0.4582265217274105, 0.0, 0.0],
                        [-0.1567227006368316, 0.30399962754189197, 0.9396926207859084, 0.0],
                        [0.4305920811156414, -0.8352321121939636, 0.3420201433256687, 0.0],
                        [0.0, 0.0, 0.0, 1.0]] at 0x28f8f3d5da0) ((-3.3, 3.3), (-3.3, 3.3), (-3.3, 3.3))
{'scale_factor': 10.005913451554536, 'center': (0.0, 0.0, 0.0), 'fov': 0.0, 'elevation': 20.0, 'azimuth': 23.636363636363637, 'roll': 0.0} MatrixTransform(matrix=[[0.9161084574320696, 0.4009305354066137, 0.0, 0.0],
                        [-0.13712631918340712, 0.31332754591277373, 0.9396926207859084, 0.0],
                        [0.3767514655693383, -0.8608603572884773, 0.3420201433256687, 0.0],
                        [0.0, 0.0, 0.0, 1.0]] at 0x28f8f3d5da0) ((-3.3, 3.3), (-3.3, 3.3), (-3.3, 3.3))
{'scale_factor': 10.005913451554536, 'center': (0.0, 0.0, 0.0), 'fov': 0.0, 'elevation': 20.0, 'azimuth': 19.999999999999993, 'roll': 0.0} MatrixTransform(matrix=[[0.9396926207859084, 0.3420201433256686, 0.0, 0.0],
                        [-0.11697777844051092, 0.3213938048432697, 0.9396926207859084, 0.0],
                        [0.32139380484326957, -0.8830222215594891, 0.3420201433256687, 0.0],
                        [0.0, 0.0, 0.0, 1.0]] at 0x28f8f3d5da0) ((-3.3, 3.3), (-3.3, 3.3), (-3.3, 3.3))
{'scale_factor': 10.005913451554536, 'center': (0.0, 0.0, 0.0), 'fov': 0.0, 'elevation': 20.0, 'azimuth': 16.36363636363638, 'roll': 0.0} MatrixTransform(matrix=[[0.9594929736144973, 0.28173255684143, 0.0, 0.0],
                        [-0.096358209470413, 0.32816592435560243, 0.9396926207859084, 0.0],
                        [0.2647420046990383, -0.9016284670014714, 0.3420201433256687, 0.0],
                        [0.0, 0.0, 0.0, 1.0]] at 0x28f8f3d5da0) ((-3.3, 3.3), (-3.3, 3.3), (-3.3, 3.3))
{'scale_factor': 10.005913451554536, 'center': (0.0, 0.0, 0.0), 'fov': 0.0, 'elevation': 20.0, 'azimuth': 12.727272727272737, 'roll': 0.0} MatrixTransform(matrix=[[0.975429786885407, 0.2203105327865408, 0.0, 0.0],
                        [-0.07535063999980712, 0.3336166355146734, 0.9396926207859084, 0.0],
                        [0.20702418194092434, -0.9166041728309883, 0.3420201433256687, 0.0],
                        [0.0, 0.0, 0.0, 1.0]] at 0x28f8f3d5da0) ((-3.3, 3.3), (-3.3, 3.3), (-3.3, 3.3))
{'scale_factor': 10.005913451554536, 'center': (0.0, 0.0, 0.0), 'fov': 0.0, 'elevation': 20.0, 'azimuth': 9.090909090909093, 'roll': 0.0} MatrixTransform(matrix=[[0.9874388886763943, 0.15800139597334995, 0.0, 0.0],
                        [-0.054039660096460884, 0.3377239902304394, 0.9396926207859084, 0.0],
                        [0.1484727458700293, -0.9278890371662458, 0.3420201433256687, 0.0],
                        [0.0, 0.0, 0.0, 1.0]] at 0x28f8f3d5da0) ((-3.3, 3.3), (-3.3, 3.3), (-3.3, 3.3))
{'scale_factor': 10.005913451554536, 'center': (0.0, 0.0, 0.0), 'fov': 0.0, 'elevation': 20.0, 'azimuth': 5.45454545454545, 'roll': 0.0} MatrixTransform(matrix=[[0.9954719225730846, 0.09505604330418257, 0.0, 0.0],
                        [-0.032511081554867496, 0.3404714496351254, 0.9396926207859084, 0.0],
                        [0.08932346245404613, -0.9354376198414888, 0.3420201433256687, 0.0],
                        [0.0, 0.0, 0.0, 1.0]] at 0x28f8f3d5da0) ((-3.3, 3.3), (-3.3, 3.3), (-3.3, 3.3))
{'scale_factor': 10.005913451554536, 'center': (0.0, 0.0, 0.0), 'fov': 0.0, 'elevation': 20.0, 'azimuth': 1.818181818181806, 'roll': 0.0} MatrixTransform(matrix=[[0.9994965423831852, 0.031727933498067434, 0.0, 0.0],
                        [-0.010851592362436309, 0.3418479506794073, 0.9396926207859084, 0.0],
                        [0.029814504980920004, -0.9392195253785091, 0.3420201433256687, 0.0],
                        [0.0, 0.0, 0.0, 1.0]] at 0x28f8f3d5da0) ((-3.3, 3.3), (-3.3, 3.3), (-3.3, 3.3))
{'scale_factor': 10.005913451554536, 'center': (0.0, 0.0, 0.0), 'fov': 0.0, 'elevation': 20.0, 'azimuth': -1.818181818181806, 'roll': 0.0} MatrixTransform(matrix=[[0.9994965423831852, -0.031727933498067434, 0.0, 0.0],
                        [0.010851592362436309, 0.3418479506794073, 0.9396926207859084, 0.0],
                        [-0.029814504980920004, -0.9392195253785091, 0.3420201433256687, 0.0],
                        [0.0, 0.0, 0.0, 1.0]] at 0x28f8f3d5da0) ((-3.3, 3.3), (-3.3, 3.3), (-3.3, 3.3))
{'scale_factor': 10.005913451554536, 'center': (0.0, 0.0, 0.0), 'fov': 0.0, 'elevation': 20.0, 'azimuth': -5.45454545454545, 'roll': 0.0} MatrixTransform(matrix=[[0.9954719225730846, -0.09505604330418257, 0.0, 0.0],
                        [0.032511081554867496, 0.3404714496351254, 0.9396926207859084, 0.0],
                        [-0.08932346245404613, -0.9354376198414888, 0.3420201433256687, 0.0],
                        [0.0, 0.0, 0.0, 1.0]] at 0x28f8f3d5da0) ((-3.3, 3.3), (-3.3, 3.3), (-3.3, 3.3))
{'scale_factor': 10.005913451554536, 'center': (0.0, 0.0, 0.0), 'fov': 0.0, 'elevation': 20.0, 'azimuth': -9.090909090909093, 'roll': 0.0} MatrixTransform(matrix=[[0.9874388886763943, -0.15800139597334995, 0.0, 0.0],
                        [0.054039660096460884, 0.3377239902304394, 0.9396926207859084, 0.0],
                        [-0.1484727458700293, -0.9278890371662458, 0.3420201433256687, 0.0],
                        [0.0, 0.0, 0.0, 1.0]] at 0x28f8f3d5da0) ((-3.3, 3.3), (-3.3, 3.3), (-3.3, 3.3))
{'scale_factor': 10.005913451554536, 'center': (0.0, 0.0, 0.0), 'fov': 0.0, 'elevation': 20.0, 'azimuth': -12.727272727272737, 'roll': 0.0} MatrixTransform(matrix=[[0.975429786885407, -0.2203105327865408, 0.0, 0.0],
                        [0.07535063999980712, 0.3336166355146734, 0.9396926207859084, 0.0],
                        [-0.20702418194092434, -0.9166041728309883, 0.3420201433256687, 0.0],
                        [0.0, 0.0, 0.0, 1.0]] at 0x28f8f3d5da0) ((-3.3, 3.3), (-3.3, 3.3), (-3.3, 3.3))
{'scale_factor': 10.005913451554536, 'center': (0.0, 0.0, 0.0), 'fov': 0.0, 'elevation': 20.0, 'azimuth': -16.36363636363635, 'roll': 0.0} MatrixTransform(matrix=[[0.9594929736144975, -0.28173255684142945, 0.0, 0.0],
                        [0.0963582094704128, 0.3281659243556025, 0.9396926207859084, 0.0],
                        [-0.26474200469903775, -0.9016284670014716, 0.3420201433256687, 0.0],
                        [0.0, 0.0, 0.0, 1.0]] at 0x28f8f3d5da0) ((-3.3, 3.3), (-3.3, 3.3), (-3.3, 3.3))
{'scale_factor': 10.005913451554536, 'center': (0.0, 0.0, 0.0), 'fov': 0.0, 'elevation': 20.0, 'azimuth': -19.999999999999993, 'roll': 0.0} MatrixTransform(matrix=[[0.9396926207859084, -0.3420201433256686, 0.0, 0.0],
                        [0.11697777844051092, 0.3213938048432697, 0.9396926207859084, 0.0],
                        [-0.32139380484326957, -0.8830222215594891, 0.3420201433256687, 0.0],
                        [0.0, 0.0, 0.0, 1.0]] at 0x28f8f3d5da0) ((-3.3, 3.3), (-3.3, 3.3), (-3.3, 3.3))
{'scale_factor': 10.005913451554536, 'center': (0.0, 0.0, 0.0), 'fov': 0.0, 'elevation': 20.0, 'azimuth': -23.636363636363637, 'roll': 0.0} MatrixTransform(matrix=[[0.9161084574320696, -0.4009305354066137, 0.0, 0.0],
                        [0.13712631918340712, 0.31332754591277373, 0.9396926207859084, 0.0],
                        [-0.3767514655693383, -0.8608603572884773, 0.3420201433256687, 0.0],
                        [0.0, 0.0, 0.0, 1.0]] at 0x28f8f3d5da0) ((-3.3, 3.3), (-3.3, 3.3), (-3.3, 3.3))
{'scale_factor': 10.005913451554536, 'center': (0.0, 0.0, 0.0), 'fov': 0.0, 'elevation': 20.0, 'azimuth': -27.27272727272728, 'roll': 0.0} MatrixTransform(matrix=[[0.8888354486549234, -0.4582265217274105, 0.0, 0.0],
                        [0.1567227006368316, 0.30399962754189197, 0.9396926207859084, 0.0],
                        [-0.4305920811156414, -0.8352321121939636, 0.3420201433256687, 0.0],
                        [0.0, 0.0, 0.0, 1.0]] at 0x28f8f3d5da0) ((-3.3, 3.3), (-3.3, 3.3), (-3.3, 3.3))
{'scale_factor': 10.005913451554536, 'center': (0.0, 0.0, 0.0), 'fov': 0.0, 'elevation': 20.0, 'azimuth': -30.909090909090892, 'roll': 0.0} MatrixTransform(matrix=[[0.8579834132349772, -0.5136773915734061, 0.0, 0.0],
                        [0.175688015089092, 0.2934476099656733, 0.9396926207859084, 0.0],
                        [-0.4826988543260833, -0.8062406821736148, 0.3420201433256687, 0.0],
                        [0.0, 0.0, 0.0, 1.0]] at 0x28f8f3d5da0) ((-3.3, 3.3), (-3.3, 3.3), (-3.3, 3.3))
{'scale_factor': 10.005913451554536, 'center': (0.0, 0.0, 0.0), 'fov': 0.0, 'elevation': 20.0, 'azimuth': -34.54545454545453, 'roll': 0.0} MatrixTransform(matrix=[[0.8236765814298329, -0.5670598638627705, 0.0, 0.0],
                        [0.19394589591257896, 0.2817139824346283, 0.9396926207859084, 0.0],
                        [-0.5328619696157073, -0.7740028054837774, 0.3420201433256687, 0.0],
                        [0.0, 0.0, 0.0, 1.0]] at 0x28f8f3d5da0) ((-3.3, 3.3), (-3.3, 3.3), (-3.3, 3.3))
{'scale_factor': 10.005913451554536, 'center': (0.0, 0.0, 0.0), 'fov': 0.0, 'elevation': 20.0, 'azimuth': -38.18181818181818, 'roll': 0.0} MatrixTransform(matrix=[[0.7860530947427875, -0.6181589862206052, 0.0, 0.0],
                        [0.21142282506522145, 0.26884599212551363, 0.9396926207859084, 0.0],
                        [-0.5808794378240008, -0.738648292675724, 0.3420201433256687, 0.0],
                        [0.0, 0.0, 0.0, 1.0]] at 0x28f8f3d5da0) ((-3.3, 3.3), (-3.3, 3.3), (-3.3, 3.3))
{'scale_factor': 10.005913451554536, 'center': (0.0, 0.0, 0.0), 'fov': 0.0, 'elevation': 20.0, 'azimuth': -41.81818181818183, 'roll': 0.0} MatrixTransform(matrix=[[0.7452644496757546, -0.6667690005162917, 0.0, 0.0],
                        [0.22804842912169498, 0.25489545389362717, 0.9396926207859084, 0.0],
                        [-0.626557909553955, -0.7003195038943776, 0.3420201433256687, 0.0],
                        [0.0, 0.0, 0.0, 1.0]] at 0x28f8f3d5da0) ((-3.3, 3.3), (-3.3, 3.3), (-3.3, 3.3))
{'scale_factor': 10.005913451554536, 'center': (0.0, 0.0, 0.0), 'fov': 0.0, 'elevation': 20.0, 'azimuth': -45.45454545454544, 'roll': 0.0} MatrixTransform(matrix=[[0.7014748877063215, -0.7126941713788627, 0.0, 0.0],
                        [0.2437557626423673, 0.23991854163267345, 0.9396926207859084, 0.0],
                        [-0.6697134537218449, -0.6591707756442541, 0.3420201433256687, 0.0],
                        [0.0, 0.0, 0.0, 1.0]] at 0x28f8f3d5da0) ((-3.3, 3.3), (-3.3, 3.3), (-3.3, 3.3))
{'scale_factor': 10.005913451554536, 'center': (0.0, 0.0, 0.0), 'fov': 0.0, 'elevation': 20.0, 'azimuth': -49.09090909090908, 'roll': 0.0} MatrixTransform(matrix=[[0.6548607339452852, -0.7557495743542582, 0.0, 0.0],
                        [0.2584815777389565, 0.22397556208231906, 0.9396926207859084, 0.0],
                        [-0.7101722981827876, -0.6153677993308285, 0.3420201433256687, 0.0],
                        [0.0, 0.0, 0.0, 1.0]] at 0x28f8f3d5da0) ((-3.3, 3.3), (-3.3, 3.3), (-3.3, 3.3))
{'scale_factor': 10.005913451554536, 'center': (0.0, 0.0, 0.0), 'fov': 0.0, 'elevation': 20.0, 'azimuth': -52.72727272727272, 'roll': 0.0} MatrixTransform(matrix=[[0.6056096871376668, -0.795761840530832, 0.0, 0.0],
                        [0.2721665787514531, 0.2071307119942382, 0.9396926207859084, 0.0],
                        [-0.7477715294498356, -0.5690869540797282, 0.3420201433256687, 0.0],
                        [0.0, 0.0, 0.0, 1.0]] at 0x28f8f3d5da0) ((-3.3, 3.3), (-3.3, 3.3), (-3.3, 3.3))
{'scale_factor': 10.005913451554536, 'center': (0.0, 0.0, 0.0), 'fov': 0.0, 'elevation': 20.0, 'azimuth': -56.36363636363637, 'roll': 0.0} MatrixTransform(matrix=[[0.5539200638661103, -0.8325698546347714, 0.0, 0.0],
                        [0.2847556610108157, 0.1894518196344506, 0.9396926207859084, 0.0],
                        [-0.7823597486890912, -0.5205145965202429, 0.3420201433256687, 0.0],
                        [0.0, 0.0, 0.0, 1.0]] at 0x28f8f3d5da0) ((-3.3, 3.3), (-3.3, 3.3), (-3.3, 3.3))
{'scale_factor': 10.005913451554536, 'center': (0.0, 0.0, 0.0), 'fov': 0.0, 'elevation': 20.0, 'azimuth': -60.000000000000014, 'roll': 0.0} MatrixTransform(matrix=[[0.4999999999999997, -0.8660254037844388, 0.0, 0.0],
                        [0.2961981327260239, 0.17101007166283427, 0.9396926207859084, 0.0],
                        [-0.8137976813493739, -0.46984631039295394, 0.3420201433256687, 0.0],
                        [0.0, 0.0, 0.0, 1.0]] at 0x28f8f3d5da0) ((-3.3, 3.3), (-3.3, 3.3), (-3.3, 3.3))
{'scale_factor': 10.005913451554536, 'center': (0.0, 0.0, 0.0), 'fov': 0.0, 'elevation': 20.0, 'azimuth': -63.636363636363626, 'roll': 0.0} MatrixTransform(matrix=[[0.44406661260577424, -0.8959937742913359, 0.0, 0.0],
                        [0.30644791910202956, 0.1518797264895711, 0.9396926207859084, 0.0],
                        [-0.8419587379716831, -0.4172861190030407, 0.3420201433256687, 0.0],
                        [0.0, 0.0, 0.0, 1.0]] at 0x28f8f3d5da0) ((-3.3, 3.3), (-3.3, 3.3), (-3.3, 3.3))
{'scale_factor': 10.005913451554536, 'center': (0.0, 0.0, 0.0), 'fov': 0.0, 'elevation': 20.0, 'azimuth': -67.27272727272727, 'roll': 0.0} MatrixTransform(matrix=[[0.3863451256931288, -0.9223542941045814, 0.0, 0.0],
                        [0.3154637478666949, 0.1321378152627374, 0.9396926207859084, 0.0],
                        [-0.8667295239202706, -0.3630456636904374, 0.3420201433256687, 0.0],
                        [0.0, 0.0, 0.0, 1.0]] at 0x28f8f3d5da0) ((-3.3, 3.3), (-3.3, 3.3), (-3.3, 3.3))
{'scale_factor': 10.005913451554536, 'center': (0.0, 0.0, 0.0), 'fov': 0.0, 'elevation': 20.0, 'azimuth': -70.9090909090909, 'roll': 0.0} MatrixTransform(matrix=[[0.3270679633174218, -0.9450008187146685, 0.0, 0.0],
                        [0.3232093154596652, 0.11186383169105915, 0.9396926207859084, 0.0],
